000005
000009
000012
000016
000021
000026
000030
000035
000036
000042
000044
000046
000051
000060
000063
000064
000065
000066
000078
000081
000083
000095
000099
000102
000113
000118
000120
000121
000122
000129
000131
000132
000134
000138
000140
000141
000142
000143
000146
000159
000161
000163
000164
000165
000171
000173
000174
000177
000180
000184
000187
000189
000190
000192
000194
000203
000208
000209
000210
000218
000221
000225
000232
000233
000241
000242
000245
000246
000249
000250
000257
000259
000262
000263
000266
000270
000275
000276
000278
000282
000285
000288
000294
000302
000305
000307
000311
000312
000318
000325
000329
000331
000332
000334
000337
000340
000343
000344
000349
000352
000354
000355
000359
000367
000370
000373
000374
000379
000381
000382
000394
000395
000400
000403
000404
000407
000416
000417
000419
000427
000428
000438
000439
000454
000459
000460
000461
000462
000463
000464
000469
000474
000477
000480
000483
000484
000486
000489
000491
000494
000496
000498
000501
000503
000508
000509
000513
000515
000518
000520
000522
000523
000524
000525
000528
000531
000537
000540
000544
000554
000555
000565
000579
000581
000582
000589
000590
000591
000592
000597
000605
000609
000612
000619
000620
000622
000625
000628
000632
000645
000656
000657
000661
000667
000671
000672
000675
000677
000680
000682
000685
000688
000689
000690
000694
000695
000702
000705
000711
000714
000717
000726
000731
000738
000742
000746
000748
000750
000752
000753
000756
000760
000761
000764
000767
000774
000776
000777
000786
000787
000794
000797
000799
000805
000810
000812
000818
000820
000823
000826
000827
000832
000834
000842
000843
000845
000847
000848
000854
000855
000859
000860
000862
000863
000865
000867
000868
000871
000872
000874
000876
000878
000880
000885
000887
000892
000895
000896
000898
000902
000903
000906
000908
000911
000918
000921
000926
000934
000935
000936
000937
000947
000950
000954
000962
000965
000966
000967
000971
000973
000977
000980
000982
000989
000991
000993
000996
000997
001004
001012
001015
001017
001027
001036
001041
001042
001043
001056
001060
001061
001062
001069
001073
001077
001079
001092
001093
001102
001104
001109
001112
001113
001119
001121
001124
001125
001129
001130
001136
001140
001142
001147
001152
001158
001164
001166
001171
001172
001174
001176
001182
001184
001185
001186
001187
001194
001199
001201
001204
001205
001214
001221
001224
001225
001229
001230
001233
001236
001237
001247
001254
001258
001259
001260
001263
001265
001266
001268
001272
001277
001281
001284
001286
001288
001289
001292
001293
001294
001298
001299
001309
001310
001312
001315
001323
001325
001326
001327
001332
001333
001334
001343
001345
001346
001352
001360
001361
001365
001371
001375
001378
001383
001384
001385
001386
001387
001390
001393
001397
001402
001404
001409
001418
001420
001426
001427
001430
001432
001434
001441
001443
001444
001445
001450
001455
001457
001460
001463
001467
001470
001472
001475
001480
001485
001488
001493
001494
001498
001499
001501
001504
001512
001514
001517
001522
001528
001531
001532
001539
001541
001543
001544
001545
001553
001559
001576
001579
001580
001582
001590
001594
001597
001603
001607
001611
001612
001614
001617
001622
001628
001630
001632
001636
001643
001649
001650
001654
001662
001673
001675
001678
001682
001683
001684
001685
001686
001689
001690
001691
001693
001708
001713
001714
001717
001725
001726
001730
001732
001733
001738
001746
001747
001749
001750
001754
001755
001758
001768
001772
001775
001785
001789
001795
001797
001799
001800
001806
001810
001818
001821
001825
001827
001830
001832
001833
001837
001841
001843
001847
001849
001853
001854
001860
001862
001864
001870
001872
001875
001896
001899
001901
001904
001906
001907
001911
001915
001918
001920
001922
001927
001928
001931
001932
001934
001937
001940
001952
001962
001964
001971
001972
001977
001980
001981
001982
001985
001989
001995
002000
002001
002002
002004
002006
002012
002015
002022
002025
002027
002030
002034
002039
002042
002043
002047
002049
002051
002054
002056
002058
002061
002063
002064
002069
002070
002082
002083
002088
002090
002091
002094
002095
002096
002098
002104
002109
002116
002117
002120
002124
002125
002126
002129
002136
002139
002145
002146
002151
002152
002153
002155
002156
002163
002165
002166
002171
002179
002182
002183
002184
002186
002192
002193
002197
002199
002201
002202
002212
002215
002218
002219
002220
002226
002228
002233
002237
002241
002248
002249
002253
002255
002256
002257
002259
002260
002261
002265
002266
002267
002270
002278
002279
002284
002285
002287
002306
002307
002310
002311
002318
002320
002321
002323
002324
002328
002330
002332
002333
002337
002340
002342
002345
002352
002354
002361
002362
002364
002368
002371
002374
002375
002376
002377
002384
002387
002391
002392
002393
002403
002405
002411
002413
002417
002419
002420
002423
002425
002436
002439
002444
002448
002450
002452
002461
002470
002476
002477
002490
002491
002493
002496
002500
002501
002505
002508
002512
002514
002519
002524
002533
002534
002537
002540
002546
002547
002549
002554
002555
002559
002561
002567
002571
002578
002579
002584
002593
002595
002598
002600
002605
002606
002609
002611
002615
002618
002625
002632
002634
002636
002637
002645
002648
002657
002659
002662
002664
002667
002675
002677
002680
002684
002690
002691
002693
002696
002702
002704
002706
002709
002710
002713
002714
002715
002717
002721
002722
002723
002727
002730
002734
002735
002738
002741
002745
002747
002749
002751
002757
002759
002765
002766
002772
002775
002779
002782
002783
002786
002794
002795
002798
002801
002803
002810
002812
002816
002820
002826
002834
002835
002836
002838
002841
002842
002845
002847
002855
002859
002868
002869
002870
002873
002880
002884
002886
002889
002896
002906
002910
002912
002914
002915
002917
002919
002931
002934
002935
002941
002942
002943
002944
002952
002956
002957
002958
002960
002977
002978
002986
002990
002995
003000
003002
003003
003004
003008
003009
003011
003013
003015
003017
003023
003028
003031
003034
003038
003045
003047
003053
003054
003056
003058
003061
003063
003064
003065
003072
003074
003077
003082
003083
003086
003088
003089
003090
003092
003093
003094
003098
003102
003103
003105
003106
003107
003110
003116
003117
003118
003120
003121
003122
003124
003127
003133
003137
003138
003142
003147
003150
003154
003155
003157
003159
003164
003165
003169
003176
003181
003183
003184
003185
003188
003195
003202
003205
003207
003216
003218
003219
003231
003233
003236
003239
003240
003242
003243
003253
003254
003255
003258
003260
003261
003262
003269
003271
003280
003282
003285
003290
003292
003293
003303
003313
003316
003320
003325
003330
003336
003338
003350
003351
003359
003360
003362
003363
003365
003367
003370
003373
003374
003377
003379
003386
003390
003396
003398
003406
003408
003410
003413
003417
003420
003422
003433
003436
003441
003444
003450
003451
003462
003464
003465
003469
003470
003477
003484
003487
003489
003491
003493
003496
003499
003500
003506
003508
003509
003511
003516
003522
003530
003536
003537
003539
003548
003549
003555
003564
003567
003575
003576
003577
003580
003586
003588
003593
003594
003596
003597
003599
003606
003608
003614
003623
003625
003627
003632
003638
003639
003640
003642
003644
003646
003651
003654
003656
003657
003658
003660
003663
003664
003667
003669
003671
003673
003678
003681
003685
003688
003691
003694
003695
003704
003705
003706
003711
003713
003722
003729
003732
003735
003740
003748
003750
003753
003760
003772
003774
003780
003781
003783
003788
003790
003791
003792
003793
003796
003797
003798
003803
003806
003807
003808
003811
003817
003820
003824
003826
003827
003828
003834
003838
003844
003845
003847
003859
003860
003863
003871
003872
003874
003876
003879
003886
003890
003891
003895
003898
003899
003912
003918
003921
003924
003935
003936
003937
003939
003945
003947
003948
003953
003971
003973
003979
003983
003986
003988
003990
003991
003993
003996
003997
004008
004010
004012
004013
004016
004019
004023
004025
004028
004031
004033
004035
004051
004052
004057
004058
004060
004066
004069
004075
004076
004082
004092
004095
004100
004102
004105
004106
004108
004111
004113
004117
004122
004133
004136
004145
004149
004158
004163
004164
004178
004189
004190
004191
004194
004195
004196
004200
004201
004204
004209
004212
004220
004221
004228
004230
004231
004239
004244
004246
004255
004256
004257
004258
004259
004264
004269
004272
004273
004274
004275
004279
004281
004283
004284
004291
004296
004298
004300
004303
004304
004322
004323
004325
004327
004329
004333
004338
004341
004345
004346
004347
004349
004351
004352
004354
004356
004359
004361
004364
004365
004367
004369
004370
004372
004376
004380
004384
004386
004389
004390
004397
004411
004423
004430
004432
004433
004437
004438
004441
004450
004452
004455
004459
004463
004464
004466
004468
004474
004479
004481
004487
004490
004493
004494
004499
004500
004502
004509
004510
004512
004517
004519
004520
004527
004532
004537
004539
004542
004549
004551
004558
004562
004563
004565
004579
004581
004588
004591
004600
004604
004605
004606
004609
004612
004623
004628
004634
004643
004649
004652
004654
004655
004660
004662
004671
004672
004674
004675
004676
004685
004686
004687
004689
004692
004693
004702
004706
004715
004727
004732
004735
004737
004747
004750
004753
004754
004760
004773
004776
004779
004782
004783
004792
004793
004799
004808
004815
004826
004828
004830
004834
004836
004837
004841
004846
004848
004859
004863
004869
004872
004873
004876
004882
004885
004897
004905
004910
004928
004929
004935
004939
004943
004946
004948
004951
004954
004955
004961
004962
004966
004968
004972
004973
004974
004977
004982
004983
004985
004987
004998
005003
005004
005014
005016
005018
005023
005024
005026
005027
005033
005037
005039
005042
005047
005054
005056
005057
005062
005063
005068
005072
005073
005084
005085
005086
005094
005097
005101
005102
005108
005110
005121
005122
005124
005130
005136
005138
005144
005145
005159
005160
005169
005171
005175
005176
005177
005181
005183
005185
005186
005189
005195
005199
005203
005208
005210
005212
005214
005215
005219
005220
005222
005224
005231
005236
005239
005245
005248
005253
005254
005257
005258
005259
005260
005262
005263
005264
005267
005274
005278
005285
005288
005293
005297
005298
005304
005306
005307
005310
005312
005314
005320
005327
005336
005337
005344
005348
005350
005351
005355
005360
005363
005365
005367
005369
005371
005373
005374
005378
005379
005380
005383
005385
005387
005388
005395
005396
005405
005406
005408
005410
005417
005419
005423
005424
005429
005431
005434
005440
005448
005450
005451
005455
005457
005461
005465
005467
005469
005481
005485
005486
005496
005497
005499
005507
005508
005509
005511
005514
005515
005519
005522
005524
005526
005527
005535
005539
005541
005544
005549
005550
005552
005554
005563
005566
005568
005573
005577
005579
005583
005584
005586
005600
005605
005615
005624
005625
005630
005636
005639
005641
005644
005647
005648
005654
005655
005657
005660
005662
005669
005676
005679
005680
005682
005685
005693
005695
005696
005701
005702
005705
005710
005714
005715
005718
005719
005730
005731
005732
005735
005738
005741
005742
005743
005749
005756
005761
005765
005769
005773
005781
005783
005788
005790
005791
005812
005813
005814
005817
005818
005821
005825
005826
005828
005829
005836
005838
005839
005843
005845
005850
005851
005852
005853
005854
005856
005867
005868
005877
005878
005879
005881
005884
005885
005893
005899
005903
005908
005909
005911
005917
005918
005920
005928
005938
005940
005947
005952
005954
005956
005961
005968
005971
005975
005979
005981
005983
005984
005989
005992
005995
005996
006000
006001
006011
006018
006020
006025
006028
006029
006033
006038
006041
006043
006045
006046
006058
006062
006065
006067
006069
006070
006071
006073
006078
006079
006084
006095
006096
006097
006098
006104
006105
006107
006117
006124
006125
006128
006130
006131
006133
006134
006135
006136
006139
006140
006148
006151
006156
006162
006166
006170
006171
006172
006175
006177
006184
006185
006188
006196
006202
006203
006208
006212
006214
006219
006220
006222
006224
006229
006233
006236
006238
006243
006249
006250
006251
006252
006254
006258
006259
006261
006264
006267
006269
006270
006272
006276
006277
006281
006284
006285
006291
006295
006296
006300
006309
006319
006323
006325
006330
006337
006338
006339
006341
006346
006350
006351
006357
006369
006382
006387
006391
006398
006400
006404
006411
006418
006421
006424
006427
006428
006429
006436
006437
006438
006444
006447
006448
006449
006450
006459
006462
006465
006472
006475
006483
006484
006488
006495
006499
006501
006506
006519
006520
006523
006524
006532
006534
006536
006538
006543
006547
006548
006550
006551
006553
006556
006560
006564
006570
006578
006584
006588
006595
006597
006599
006602
006605
006609
006619
006622
006626
006627
006628
006631
006632
006635
006637
006643
006647
006652
006654
006657
006660
006664
006666
006667
006671
006674
006679
006681
006684
006687
006689
006694
006697
006702
006703
006704
006707
006709
006714
006718
006722
006725
006726
006727
006734
006736
006738
006740
006747
006751
006755
006760
006762
006765
006766
006768
006773
006777
006783
006786
006789
006797
006799
006803
006805
006808
006810
006819
006821
006822
006825
006827
006829
006833
006836
006840
006841
006842
006845
006847
006848
006849
006850
006852
006855
006859
006860
006862
006864
006865
006867
006874
006884
006886
006892
006893
006899
006909
006912
006922
006924
006931
006933
006939
006943
006947
006948
006953
006956
006963
006965
006966
006971
006972
006981
006987
006988
006989
006990
006995
007004
007006
007007
007016
007020
007021
007022
007023
007029
007033
007036
007040
007045
007048
007049
007052
007056
007062
007064
007068
007071
007072
007073
007074
007075
007077
007078
007086
007088
007101
007104
007105
007113
007125
007128
007130
007132
007138
007140
007141
007148
007152
007154
007162
007165
007166
007167
007168
007180
007182
007185
007187
007193
007197
007200
007208
007210
007211
007214
007217
007219
007222
007230
007236
007241
007243
007247
007249
007250
007258
007259
007260
007270
007275
007276
007279
007285
007289
007294
007296
007299
007305
007308
007311
007314
007318
007322
007329
007334
007343
007344
007346
007351
007356
007359
007361
007365
007369
007370
007372
007373
007374
007375
007381
007390
007408
007411
007421
007422
007424
007427
007436
007437
007438
007439
007445
007446
007448
007449
007451
007454
007457
007458
007460
007467
007468
007475
007477
007483
007484
007486
007489
007491
007497
007503
007506
007511
007513
007517
007519
007521
007523
007525
007526
007527
007530
007533
007535
007536
007537
007543
007544
007546
007547
007555
007563
007565
007566
007568
007572
007585
007590
007592
007600
007606
007612
007615
007618
007622
007624
007631
007637
007653
007655
007657
007663
007666
007670
007671
007672
007675
007679
007680
007682
007685
007687
007688
007692
007694
007697
007699
007702
007705
007715
007721
007723
007724
007732
007735
007736
007743
007746
007748
007749
007751
007754
007758
007760
007763
007765
007767
007772
007773
007775
007776
007779
007790
007791
007795
007798
007809
007810
007815
007820
007824
007826
007831
007833
007834
007838
007840
007841
007853
007856
007857
007863
007864
007865
007868
007869
007872
007876
007877
007878
007883
007884
007885
007890
007897
007898
007899
007900
007901
007902
007905
007908
007909
007914
007915
007919
007920
007923
007925
007935
007939
007943
007946
007947
007950
007953
007954
007958
007968
007970
007974
007976
007979
007987
007996
007997
007999
008001
008002
008004
008005
008009
008012
008017
008023
008024
008026
008029
008031
008037
008040
008043
008044
008049
008061
008062
008064
008067
008068
008069
008076
008079
008082
008083
008085
008086
008087
008093
008096
008098
008101
008103
008105
008106
008107
008112
008116
008121
008122
008125
008127
008132
008137
008138
008139
008140
008141
008142
008144
008150
008151
008159
008168
008171
008174
008175
008177
008180
008189
008190
008197
008202
008209
008216
008218
008220
008222
008223
008224
008225
008232
008235
008241
008248
008250
008251
008253
008254
008260
008263
008269
008272
008275
008279
008281
008284
008294
008299
008302
008306
008310
008311
008313
008315
008316
008317
008318
008319
008320
008322
008327
008332
008336
008338
008342
008346
008351
008355
008360
008365
008370
008374
008376
008381
008385
008390
008397
008398
008403
008409
008410
008413
008423
008424
008425
008429
008437
008444
008453
008454
008456
008461
008465
008466
008467
008470
008472
008477
008478
008483
008484
008494
008495
008498
008499
008503
008506
008518
008521
008522
008523
008524
008526
008530
008534
008541
008542
008550
008556
008558
008562
008564
008568
008576
008581
008584
008587
008592
008604
008606
008612
008615
008618
008620
008621
008624
008635
008638
008644
008647
008655
008663
008665
008667
008670
008676
008680
008687
008688
008691
008692
008695
008698
008699
008706
008713
008716
008717
008718
008720
008723
008725
008731
008733
008739
008742
008744
008748
008749
008750
008753
008755
008760
008766
008769
008770
008771
008773
008776
008784
008793
008799
008801
008805
008810
008811
008813
008814
008822
008823
008835
008836
008840
008847
008856
008858
008873
008874
008878
008885
008886
008890
008905
008909
008913
008919
008923
008930
008931
008933
008936
008939
008940
008944
008951
008953
008955
008958
008961
008962
008965
008967
008968
008971
008975
008976
008978
008979
008980
008982
008983
008985
008987
008989
008995
008997
009000
009002
009006
009007
009015
009018
009020
009022
009024
009034
009036
009037
009042
009045
009049
009051
009058
009060
009063
009064
009066
009072
009079
009080
009085
009086
009087
009098
009099
009105
009106
009108
009112
009114
009117
009121
009126
009129
009131
009133
009136
009141
009144
009150
009153
009155
009157
009162
009168
009175
009177
009180
009181
009184
009185
009186
009189
009193
009194
009195
009208
009209
009215
009218
009221
009227
009230
009236
009238
009239
009242
009244
009245
009246
009249
009251
009252
009254
009255
009259
009268
009269
009278
009279
009281
009282
009285
009286
009287
009288
009290
009291
009295
009306
009309
009312
009315
009316
009318
009325
009326
009331
009333
009334
009336
009337
009342
009349
009350
009354
009358
009359
009365
009368
009374
009375
009377
009386
009388
009392
009405
009409
009410
009412
009417
009418
009429
009434
009437
009439
009440
009443
009446
009448
009454
009455
009456
009457
009458
009460
009461
009463
009464
009469
009470
009472
009476
009481
009488
009490
009491
009494
009496
009497
009500
009507
009508
009512
009516
009517
009519
009526
009527
009528
009531
009532
009533
009540
009541
009543
009546
009551
009558
009562
009565
009566
009567
009568
009571
009577
009580
009591
009597
009600
009603
009605
009609
009613
009615
009618
009619
009620
009627
009629
009634
009636
009637
009641
009644
009649
009650
009655
009656
009658
009659
009666
009670
009671
009679
009681
009693
009695
009698
009699
009702
009707
009709
009711
009713
009721
009724
009732
009733
009734
009735
009745
009746
009748
009755
009758
009761
009762
009763
009767
009772
009774
009776
009781
009796
009797
009800
009801
009808
009809
009810
009813
009816
009819
009822
009823
009825
009830
009832
009833
009834
009836
009842
009845
009848
009851
009852
009858
009860
009862
009865
009867
009868
009869
009880
009881
009882
009886
009894
009900
009904
009908
009911
009913
009918
009926
009932
009935
009939
009940
009944
009945
009946
009949
009950
009959
009961
